W=np.array([[ 0.96266859],
       [ 0.29039567],
       [ 0.3000177 ],
       [ 1.76436787],
       [ 1.42070033],
       [ 0.13522691],
       [-1.1033552 ],
       [-0.77395302],
       [ 1.22429753],
       [ 0.2041659 ],
       [ 2.51195143],
       [ 1.58184071],
       [-0.32521909],
       [-0.81368099],
       [-0.59636208],
       [-0.68299006],
       [ 0.39249264],
       [-0.03698274],
       [ 0.27440402],
       [ 0.03999919],
       [ 0.15161937],
       [ 0.12763717],
       [ 0.31203859],
       [ 1.08001276],
       [-0.38278762],
       [-0.46783195],
       [-0.11373291],
       [ 0.09548073],
       [ 0.19947519],
       [ 1.01445942],
       [-2.49386605],
       [ 0.7140659 ],
       [ 1.02471573],
       [-0.38867878],
       [-0.32994211],
       [-0.78379918],
       [-1.12088961],
       [ 0.05651628],
       [ 0.6306721 ],
       [-1.70432379],
       [-0.30652134],
       [ 0.32698444],
       [ 1.57722672],
       [ 0.6790418 ],
       [ 1.5883846 ],
       [ 1.38764186],
       [ 0.43359497],
       [ 1.81824148],
       [ 0.85203445],
       [-0.0271304 ],
       [ 0.80561697],
       [ 1.00264405],
       [ 0.46323458],
       [ 1.07160694],
       [ 0.02546764],
       [ 0.13167488],
       [ 0.0733669 ],
       [ 0.74305845],
       [ 0.43982924],
       [ 0.23269647]])
       
       
       
#       for biased wieght
b=np.array([-1.553573])

